27.4 27.0 1.2 1.4 2.2 2.0 1.4 2.0 1.0 2.0 1.0 3.0 0.6 2.2 2.4 1.6 2.4 1.2 2.2 0.6 2.4 1.4 3.2 1.2 1.4 2.0 1.6 1.4 2.2 1.0 
30.4 30.6 4.8 5.4 4.8 5.0 5.4 5.4 5.4 6.0 5.8 6.2 5.0 5.4 6.2 5.0 5.2 5.6 5.2 7.6 7.2 6.6 5.8 7.8 6.6 4.0 6.8 7.6 6.6 9.4 
32.4 28.4 9.0 8.0 8.6 10.2 8.0 8.0 9.4 9.2 10.6 7.2 10.4 8.2 10.2 7.6 7.4 11.2 9.0 7.8 15.4 7.4 14.8 14.4 15.6 18.0 18.6 23.6 21.6 15.0 
38.4 30.8 13.8 11.8 11.0 9.8 9.2 9.8 10.4 10.2 10.4 11.0 10.4 9.8 12.8 17.6 11.6 13.2 13.2 14.0 13.6 16.6 17.2 17.4 15.0 14.8 20.8 16.2 19.0 20.6 
42.2 33.6 19.6 19.8 21.8 22.4 20.4 19.4 21.4 18.6 19.8 22.4 21.2 21.4 21.6 24.6 23.4 23.0 26.4 31.6 36.4 39.0 37.2 34.2 36.2 41.2 47.2 45.0 59.8 56.0 
58.8 41.8 33.6 34.4 33.6 31.4 30.0 35.2 39.4 45.8 39.0 41.8 45.8 43.0 51.6 51.0 53.6 57.4 57.4 64.0 60.0 65.4 66.4 74.8 67.0 76.6 83.0 80.8 81.6 78.2 
73.2 46.6 40.6 44.6 47.4 46.4 44.2 42.4 50.2 55.6 51.8 56.2 60.4 57.0 66.2 71.8 78.0 78.6 90.6 90.0 103.8 100.6 112.6 115.4 114.0 120.2 120.0 115.8 111.2 120.6 
95.2 66.6 66.8 68.0 69.8 66.2 64.0 75.6 88.8 101.8 104.0 99.4 119.2 138.4 138.6 135.4 153.0 152.8 160.6 164.0 151.2 168.0 171.8 156.0 163.8 169.8 166.0 159.8 169.8 166.2 
100.8 59.6 59.6 63.2 59.6 67.0 69.2 78.0 80.6 80.2 93.2 95.4 99.6 106.8 102.2 120.0 120.8 112.2 121.8 131.4 130.4 143.6 139.2 136.2 142.4 139.6 154.6 148.4 150.6 150.2 
94.0 63.0 61.6 59.0 59.0 61.8 67.6 79.4 82.6 91.6 90.4 95.4 90.6 91.8 113.4 106.6 114.8 121.4 111.2 121.4 126.8 113.8 124.0 123.6 120.6 128.4 136.2 147.2 139.6 140.2 
