11.0 9.2 4.4 4.4 3.8 4.8 4.2 3.6 4.2 3.8 4.0 3.8 3.8 4.4 4.4 3.8 4.2 3.8 4.0 3.6 4.6 3.8 3.8 3.8 5.0 4.2 4.8 5.4 3.8 4.6 
25.0 19.4 7.6 6.6 6.6 6.8 9.6 7.6 6.2 7.8 8.0 7.2 8.0 6.0 8.0 6.4 6.6 10.4 9.0 7.8 9.0 7.4 10.4 9.2 8.8 9.0 15.2 11.8 14.6 16.8 
31.6 28.0 11.8 9.6 9.6 10.4 9.8 8.6 9.2 9.2 9.4 7.8 9.0 8.6 10.4 11.8 9.6 12.0 10.0 8.8 11.8 9.6 13.4 13.4 12.2 16.8 12.2 13.2 16.6 13.0 
43.8 39.4 12.8 11.2 11.4 9.6 12.8 13.2 12.6 12.8 13.0 11.2 10.2 13.6 13.4 12.2 13.2 13.4 11.4 11.6 13.0 14.4 16.2 18.0 17.0 14.0 18.2 19.2 18.2 23.8 
51.0 46.0 10.6 10.4 10.0 9.6 8.0 8.0 8.2 9.0 9.0 9.2 8.4 7.6 9.0 8.6 9.4 9.8 10.4 10.6 12.0 8.4 13.0 12.6 16.6 16.2 16.6 18.8 16.4 18.0 
66.8 60.6 15.4 14.2 14.0 16.0 14.4 14.8 13.8 14.4 13.4 15.4 16.6 16.4 15.2 17.6 16.8 16.8 19.2 15.2 17.4 17.0 18.2 14.0 17.2 17.2 18.2 21.0 26.2 19.6 
81.0 69.6 20.6 20.2 21.0 21.8 23.4 17.2 21.4 18.8 18.4 21.2 18.0 18.4 21.8 19.2 23.8 22.2 24.0 28.8 23.8 24.8 25.6 27.0 29.4 34.2 32.2 30.8 32.0 30.8 
12.0 9.6 4.8 5.4 5.4 5.0 4.4 5.4 4.4 5.2 5.0 5.0 3.2 4.6 4.6 4.6 4.8 4.0 4.0 4.0 5.2 6.6 7.8 4.2 9.0 7.6 6.8 6.4 8.2 8.4 
22.2 18.6 10.4 9.0 8.0 8.0 9.8 7.6 9.2 9.2 9.0 9.8 9.6 9.2 9.0 7.0 7.8 8.6 10.8 10.0 10.2 8.0 10.2 12.2 14.6 15.8 14.4 13.0 19.4 17.4 
34.6 29.0 10.0 10.2 8.4 11.0 11.2 9.8 9.2 10.0 10.0 9.0 9.8 8.8 10.0 8.8 10.4 11.4 9.0 10.6 10.8 9.2 9.2 15.6 15.2 14.4 12.4 17.2 14.4 12.6 
39.6 36.0 13.4 10.0 10.8 10.2 9.8 9.8 8.8 11.2 9.8 9.0 10.2 11.2 9.2 8.6 9.0 11.0 8.4 10.2 11.8 9.4 12.2 14.8 13.6 12.8 18.6 18.6 21.8 22.6 
57.4 49.2 20.0 16.4 14.2 17.6 14.8 14.6 14.0 17.2 14.2 14.8 15.2 14.6 17.4 14.4 14.2 14.6 17.6 15.0 19.2 18.4 16.6 20.0 17.6 21.2 20.0 23.6 21.6 23.6 
69.4 58.4 19.4 18.6 18.6 16.6 17.0 16.4 20.0 17.8 16.6 17.4 19.6 19.8 21.6 17.6 20.6 21.2 20.8 22.4 24.0 25.8 26.6 33.8 28.2 31.0 33.0 32.4 34.0 40.2 
77.8 69.0 26.0 20.2 19.6 19.6 19.0 22.8 17.8 20.2 18.0 20.4 17.0 19.2 20.8 23.4 18.0 23.2 21.8 20.6 21.2 18.2 21.8 22.6 26.8 29.2 31.8 34.6 30.8 35.0 
