30.4 30.0 30.0 30.6 31.2 31.2 30.6 31.0 30.4 31.2 30.4 32.0 30.0 31.2 31.4 30.8 31.4 30.2 31.2 30.0 31.4 30.6 32.2 30.6 30.6 31.2 31.0 30.6 31.4 30.4 
31.4 31.6 30.6 31.2 30.6 31.0 31.4 31.2 31.4 31.8 31.4 32.2 31.2 31.2 31.4 31.0 30.8 31.4 31.0 32.0 32.0 31.6 31.4 31.4 31.4 30.2 30.8 31.2 31.0 31.8 
34.4 30.4 31.6 33.6 33.2 34.6 32.2 32.8 33.0 33.6 33.6 32.6 35.0 32.4 34.8 32.2 32.2 34.2 32.4 31.4 36.0 32.6 36.0 35.6 35.0 37.2 37.0 39.0 39.6 35.6 
39.6 32.8 36.4 34.6 35.0 33.0 33.8 34.0 34.6 34.2 33.8 35.6 34.6 33.8 36.6 38.8 35.8 37.2 36.8 36.4 37.4 39.0 37.6 37.8 36.6 35.6 38.8 39.4 38.8 39.0 
42.2 34.6 37.8 39.0 39.2 40.4 39.0 39.2 40.0 38.0 39.4 41.8 39.2 40.2 41.2 44.0 41.4 40.6 42.6 46.0 47.6 47.0 46.6 45.0 46.0 45.2 49.4 48.4 48.8 50.0 
58.8 42.6 48.2 51.4 49.8 47.2 46.4 50.6 49.6 50.6 50.8 51.4 51.8 52.6 49.0 51.6 52.0 50.4 52.4 54.4 51.8 52.2 51.6 53.4 51.6 54.2 55.6 54.6 56.0 52.8 
73.4 47.0 54.2 57.6 60.4 59.4 57.4 55.0 62.4 63.8 59.8 62.6 64.6 61.4 62.8 61.2 63.2 60.6 60.4 62.6 60.8 59.2 62.0 59.8 61.0 60.0 59.2 59.4 57.8 59.0 
95.4 67.2 73.8 75.8 77.2 74.6 71.2 73.8 74.0 79.2 75.2 77.4 79.6 76.2 72.2 71.8 69.4 67.2 65.8 68.0 67.6 66.8 66.8 65.6 67.4 67.2 65.8 66.6 65.6 67.4 
101.0 60.4 68.0 75.2 70.4 74.6 70.2 72.8 73.6 71.4 73.4 71.0 72.8 74.4 68.6 72.0 67.6 72.0 69.0 67.8 65.0 63.2 66.6 61.4 61.2 61.8 60.6 59.2 59.2 61.0 
94.0 63.0 74.0 71.2 71.8 73.6 73.0 75.2 71.2 73.8 71.4 72.2 74.0 70.4 67.8 70.2 66.0 67.8 64.8 63.0 66.8 64.4 62.4 66.0 62.6 62.4 61.6 61.0 63.4 64.8 
