11.0 10.2 11.2 11.4 11.0 11.2 11.0 10.8 11.4 10.8 11.2 11.2 11.2 11.6 11.6 11.4 11.4 11.0 11.2 11.0 11.6 11.0 11.0 11.2 12.0 11.2 12.0 11.8 11.0 11.4 
25.2 20.4 20.8 21.8 21.2 21.4 23.4 21.8 21.6 22.0 22.2 21.8 22.2 21.4 22.2 22.2 22.0 24.4 23.6 22.6 22.0 22.2 24.6 23.4 22.8 24.8 25.6 24.8 26.4 26.2 
32.6 30.0 32.0 32.6 32.8 33.0 32.6 32.0 32.6 32.0 33.4 32.4 32.2 32.8 34.4 33.4 33.0 33.2 32.2 32.2 34.4 32.2 34.0 34.8 34.4 36.4 34.8 35.2 36.8 34.8 
44.8 41.4 42.0 43.0 42.8 42.0 43.4 44.8 44.0 45.0 44.2 43.2 43.0 43.8 45.4 43.8 45.2 45.0 43.2 44.0 44.8 45.2 46.4 47.8 47.6 45.4 47.0 47.0 46.4 48.6 
54.4 50.0 51.0 51.6 51.6 51.8 50.8 50.8 51.2 51.0 51.6 51.6 50.4 50.4 51.4 50.8 51.4 51.6 52.2 52.0 53.6 51.2 54.0 54.0 56.4 56.8 56.6 56.8 57.6 57.4 
67.6 61.6 61.6 61.6 61.4 63.2 63.2 63.0 62.0 61.8 62.2 62.6 63.8 63.6 64.0 64.4 63.8 63.2 65.0 64.6 65.0 65.6 66.6 63.8 66.0 64.8 64.4 66.6 68.8 66.6 
81.8 70.6 70.6 74.8 75.0 75.2 74.6 72.8 74.0 74.2 73.4 74.8 73.6 74.6 75.2 74.4 75.2 75.6 76.8 79.6 78.2 79.4 79.6 80.4 81.0 82.8 83.0 83.0 84.0 84.2 
12.4 10.6 10.2 12.0 12.0 11.6 11.0 11.4 11.4 11.6 11.6 11.4 10.6 11.2 11.0 11.4 11.8 10.8 10.4 11.0 11.8 11.4 12.8 11.6 13.4 13.0 12.8 11.8 13.2 13.0 
22.4 20.2 21.4 23.0 22.4 22.2 23.6 22.0 22.8 22.8 23.0 23.4 22.4 22.8 22.6 22.2 21.8 22.4 23.6 23.2 23.8 22.4 23.4 25.0 26.0 26.2 26.0 26.0 26.4 26.0 
35.2 30.0 32.0 32.6 31.4 32.8 32.2 33.6 32.4 33.0 33.0 32.0 32.8 31.6 33.2 31.8 32.6 33.8 32.2 33.0 33.2 31.4 33.0 35.6 36.4 35.6 35.2 37.0 35.6 34.2 
44.6 41.0 42.6 41.6 41.8 41.6 41.6 41.6 41.0 42.2 41.4 41.4 42.4 42.6 41.2 40.8 41.6 42.4 40.6 41.6 42.6 42.0 43.6 45.0 44.4 43.8 46.0 46.0 47.4 48.2 
57.6 50.8 50.8 53.6 52.2 55.0 52.8 53.0 52.4 53.8 51.4 52.8 52.4 51.6 53.4 52.2 52.6 53.6 55.0 53.4 54.4 54.8 54.2 57.0 55.6 57.2 56.4 58.2 58.4 60.0 
70.8 60.4 60.4 63.2 64.0 63.2 63.6 62.2 63.2 62.6 62.4 63.0 62.6 64.2 65.0 63.8 66.0 64.6 66.2 66.2 67.4 68.6 68.8 71.0 70.4 71.0 73.8 72.4 74.4 75.2 
78.4 70.0 73.8 74.6 74.4 74.2 75.0 74.2 74.0 74.8 73.2 74.2 74.0 74.4 74.6 74.6 73.2 76.6 75.6 75.0 75.6 73.6 74.2 76.6 78.4 80.4 81.8 83.0 81.2 85.2 
